 

7777777777 ,7777 77 77777777

,77.77777777777731 777777777777 77 717 77777777 ,7777

77717777 ...7,η777777κ 77777777 Af. ,777777777777 7777777777 7ι77.7 7777777777 77 s

7777777 [7777777777 7777777777 ,7777777777 77777777777777 7777777777 777777777777 7 777 7 777777777 7 7 7

..77777777 7777777- „VT 7777777777777 777777777777 ,,77-,77777 77777777- 777 7777777777777777777777 7777777777777

177777777κ 1777777377177777777777777 ,777-77777 77777777777777 777777777 ,777 777777777 7777 77777 77 7777777κ

777777777777777777 77 777 7 7 7 777 77 777
777777 7777777777777777777 77777777777777 77777 7777777777η777 7777777 77 [77777777777777 77777777777 77777

7 777,777777ι777777)777 777777777777 777777777777777 »7,77777777777777777κ 7777777777, 7 777777 77777777 7777.7777777 77777

,777777777777 777 7777, 777 77777 77 7777 77
7,7. 77777777 777777777777777777 77777777777771777777 777 777777 ,17777777777777777 77 7777777777 . 7777777777777777777

.7 ,7,7Ἆ7777κ777- 777 777777, 7777777777 7777777777 777 777771 777777 777 7777771 777 ,7777777777 7777 77777777 777 77777777

,7777 7,7 ,7777777777777777 ..7777777777 777 777-77777777777777 777-7777777777 77777777, 77777777777777777777 77 7777 77

77777 (L [777777777777 ,7777 77777777 ,77777777777771777777777- 7777777777 ,7717777 777777 777 7777777777 7 7777

κ777.. 1777777777777 777-77777777 ,7777777777777 777777 777. 7777777777 ,7777777777 777 777 77777777777777 777777.777. ,7777777 77

..7777777737777 ,7777777777 77777η77 777777777777777 ,7777777777777 ,7777777777 7,7 77777777777777777777 ,77 77777777 7777

,777-7777777 77777777 77777777 777777777 13ss 7777777777. ,,7771777. ,7777777777 777 77777777 ,777-,7777777 7 77777777

,,77ι777 7,7-77777777 777777 ,77777777 (7 777777777777777777 777-77777777 777 ,77777777777777777 ,777777777777777 777 7ι 7777

[7777777777. [7,7777777777 7777777 Li 77777 777-7717777777. 777777 ,17777η777 7,7ι77η777. 7777777777.. 77777777 7777777777

Κ7,77777Ξ 7,7-,777777- 77777777777 777-7177777777] ,7177771κ 7κ77 777Λ77777κ777υ- ,777 7777777777- 7,7 77777777 77777 Lx
777-7777777

777

” '‘Y-''⁸1⁵'‘- ’.η

777777777ῃ7777 [7777777777 77777 1777777777, 7,7 [7777777777 777-77777777 ,L 777 7,]777777777777777777 ,77

7.ι77777.777777 7771777777 777, 177777777777777777777 ,ι7κ777777777777777-κ. ι777777777777 7,7 777-7777777777] .777777.7777777

47737777777 ,777177777777777777777 777 77777777 77777 777777 77

Ο.ο...,.....

,1777773777777 7777777777777777777 [777777775777777777.

πῂ,-

,777177777777777777777777777 7777 ,7777777777 7777777777 777-,7777 777777777 [7777777777777777 777777777 777. 7777

7777 ι777777 777777777 777777777

7 7777777ι

[7777771777777177. 777777 7777777777 ,7ι77777777777777777κ 777777777777 [77777777777777 777, ι7777777777777 7777777777

7..1717777777777777777-κ [7,7777777777 77777777 7777777777777 [7777777777711777777777 [7].-7 7777717777777777 7777777777 777777 7 77777

777-77777777 7777777777. [77777777777711777777777 .7]77777,κ 77777 77717777777772 ,777 7777777777- 777 77777777 77777 77κ 777 ,77777

iaz: [7777777777. 7,7777777777 l. ,7177777777777777777 777 [777-7777777 [7777777777 77777777 7 777 7777777777 7 77777

7777..777,7 μ77777.7117777777777777777- ,777-7777 777 777777.- 77777 77777777 717177777777777777 L! ι77777777777 77. 777777777 777777ιι

,77777777777777 7777777 777 ,7771777777777777 ,1777771777777 7777777ὶ7κΔ 777777777Ι7 7777 7777777η7 7777 777777777777777777 777777

7 771177777777777747777777, 7777177777777777777777- 77 Λ77777777777777. ,77777777 77- 7777 ι7777777777,7 77777777777 7777 ι777777

ι7777 ,77.7777-1717777777 :ff 7777777- 77777 ,,77-7777777777 777 777-77777 777777777 7777 777 ,κ 77777777 7-

7777

17Ι7Τ77κ77777 7777771777.. 7777777777. 7777777-77777777. 7777777777- 777777777777 7,7 77777777ί7777- 77777777777 777777 7777 77

777777777777777 ,77777777 7777777 777 7777777777 777777777777 ..77777777 7,7777777 7777 7777777777 7777777777 7

777 ,77777777771777777 7777777777 7777 7777777777- 777777777777 4777777777177777 777-7,7 7777 777777777777777 7777777777777 ι7777

777 77777 777 777777 7κ

7777777777 7,7 777777777 777777777777777777 777777 77

,77777777 7777771777 [777777777717777 ,77-7777)ι 777777777777777 7777771777 7777777777777κ

,7777777 777777ι777Δι 777 777777777 77777777771777777777 [7777777777777777 777 77777 77777777777 777777 7 7,7

k .-::.T.T;:L:‡.‚ [7777777777 ..777777 777 ,77777777777777 777777777777777 777777 77777 7777 77777777

...777-[7 7777777777 77. 7,.777777 7777777 777 77777777777777 77777777. 7,7 777 777777777 77 . 7 77 7 777777 77 7 77,

777777.77 ,777 7777777777. 777777777Ῑ7 ,777 7777777π777777 777777777777777777 777777777777 7777777777777

7777777 [7777777777 777 »77777777777777 777 ι777777 777777777777777777 777777777 77777777777 7777

ι77777 777 7777777777 ,,77777777771777777777 [7,77777μκ ,77777 7777777777777 77 77 77777 7 7 77 77
η ,

 

